925 10690 1
925 10835 1
925 10980 2
925 11059 1
925 11354 1
925 13065 1
925 19753 1
925 19915 1
925 19988 1
925 20664 1
925 20923 2
925 20934 1
925 21102 1
925 21110 1
925 21201 1
925 21273 1
925 21276 2
925 21317 4
925 21413 1
925 21414 1
925 21416 1
925 21422 2
925 21423 1
925 21442 1
925 21469 1
925 21471 1
925 21514 1
925 21524 1
925 21728 3
925 21804 5
925 21813 1
925 22287 1
925 24030 1
925 24032 1
925 26643 1
925 31407 1
925 31975 1
925 33273 1
925 34600 1
925 35244 1
925 36733 1
925 38288 1
925 38542 2
1687 31407 1
1734 22673 1
1879 25121 1
2186 25880 1
2213 21422 1
2213 21864 1
2213 23271 1
2331 20763 1
2331 24311 1
2331 24314 1
2377 35320 2
2442 34457 1
2551 11327 1
2551 35320 3
2577 11958 1
2577 20672 2
2577 25668 1
2577 26602 1
2577 33268 1
2584 10709 2
2584 11567 1
2584 12053 1
2584 18769 1
2584 18829 1
2584 19152 1
2584 20585 1
2584 21200 1
2584 26000 1
2584 33534 2
2584 33538 2
2584 33541 1
2584 35005 1
2584 36784 1
2584 36975 1
2584 38076 1
2584 38078 2
2589 11155 1
2589 11391 1
2589 11513 1
2589 18714 1
2589 39254 1
2589 39256 1
2589 39257 1
2590 34320 1
2598 20369 1
2598 21482 1
2598 32834 1
2598 33267 1
2598 33475 1
2598 33529 1
2598 34725 2
2598 36975 1
2651 10570 1
2651 11198 1
2651 11298 1
2651 11640 1
2651 11650 1
2651 11654 1
2651 11674 1
2651 11788 1
2651 12180 1
2651 18711 1
2651 18905 2
2651 19937 1
2651 20075 1
2651 20761 1
2651 20899 1
2651 21066 1
2651 21068 1
2651 21081 1
2651 21082 2
2651 21193 1
2651 21194 1
2651 21276 1
2651 21346 1
2651 21404 1
2651 21407 2
2651 21422 2
2651 21425 1
2651 21434 1
2651 21505 1
2651 22230 1
2651 22231 1
2651 22678 1
2651 23153 1
2651 23587 1
2651 23632 3
2651 23719 4
2651 23866 2
2651 24510 1
2651 25157 2
2651 25221 1
2651 25236 1
2651 25529 2
2651 25688 1
2651 25853 1
2651 26215 1
2651 26550 1
2651 26603 1
2651 28006 1
2651 28481 2
2651 28617 1
2651 28619 1
2651 29015 1
2651 30394 1
2651 30471 1
2651 30635 1
2651 31381 1
2651 31382 1
2651 31407 1
2651 32520 1
2651 32530 1
2651 33645 1
2651 33678 1
2651 34142 1
2651 34284 1
2651 34788 1
2651 34820 1
2651 36153 1
2651 37510 1
2651 38322 1
2651 38564 1
2651 38565 1
2651 38749 1
2651 38750 1
2651 39254 1
2651 39288 1
2651 39289 1
2653 24408 1
2660 10480 1
2660 10611 1
2660 10936 1
2660 10986 3
2660 11040 1
2660 11148 1
2660 19222 1
2660 19367 2
2660 19478 1
2660 19833 1
2660 20108 1
2660 20191 1
2660 20382 1
2660 20607 1
2660 20716 1
2660 20806 1
2660 20960 1
2660 21095 1
2660 21138 1
2660 21276 1
2660 21312 1
2660 21355 2
2660 21399 1
2660 21422 3
2660 21482 1
2660 22189 1
2660 22616 1
2660 22953 1
2660 23085 1
2660 23870 1
2660 23973 1
2660 24026 1
2660 24028 2
2660 24031 1
2660 24033 1
2660 24115 1
2660 24141 1
2660 24376 1
2660 24402 1
2660 24406 1
2660 24409 1
2660 24413 4
2660 25019 1
2660 25021 1
2660 25024 1
2660 25029 1
2660 25079 2
2660 25083 1
2660 25084 1
2660 25221 2
2660 25453 1
2660 25460 1
2660 25493 1
2660 25499 1
2660 25601 1
2660 25666 1
2660 25710 1
2660 25714 1
2660 25750 1
2660 25759 2
2660 25767 1
2660 25887 1
2660 25895 1
2660 25929 1
2660 25999 2
2660 26000 2
2660 26583 2
2660 26593 1
2660 26596 1
2660 26988 1
2660 26990 2
2660 27178 1
2660 27340 2
2660 27373 1
2660 27598 1
2660 27679 1
2660 27788 1
2660 28093 1
2660 28375 1
2660 28385 2
2660 28797 1
2660 28798 1
2660 29108 1
2660 29119 1
2660 29399 1
2660 29574 1
2660 29820 1
2660 30025 1
2660 30066 1
2660 30104 1
2660 30258 1
2660 30350 1
2660 31100 2
2660 31390 1
2660 31709 1
2660 31832 1
2660 31833 1
2660 31865 1
2660 31866 1
2660 31919 1
2660 32264 1
2660 32901 1
2660 33926 1
2660 33944 2
2660 34331 1
2660 34633 1
2660 35384 1
2660 35385 1
2660 36427 1
2674 21422 1
2674 31407 1
2683 10448 1
2683 10449 1
2683 10450 1
2683 10451 1
2683 10452 1
2683 10453 1
2683 10454 1
2683 10455 1
2683 10460 1
2683 10461 1
2683 10462 1
2683 10463 1
2683 10464 1
2683 10465 1
2683 10466 1
2683 10467 1
2683 10468 1
2683 10469 1
2683 10470 1
2683 10471 1
2683 10472 1
2683 10473 1
2683 10474 1
2683 10475 1
2683 10476 1
2683 10477 1
2683 10478 1
2683 10479 1
2683 10480 1
2683 10481 1
2683 10482 1
2683 10483 1
2683 10484 1
2683 10485 1
2683 10486 1
2683 10487 1
2683 10488 1
2683 10489 1
2683 10490 1
2683 10491 1
2683 10492 1
2683 10493 1
2683 10494 1
2683 10495 1
2683 10496 1
2683 10497 1
2683 10498 1
2683 10499 1
2683 10500 1
2683 10501 1
2683 10502 2
2683 10503 1
2683 10505 1
2683 10506 1
2683 10507 1
2683 10508 1
2683 10509 1
2683 10510 1
2683 10511 1
2683 10512 1
2683 10513 2
2683 10514 1
2683 10515 1
2683 10516 1
2683 10517 1
2683 10518 1
2683 10519 1
2683 10520 1
2683 10521 1
2683 10522 1
2683 10523 2
2683 10524 1
2683 10525 1
2683 10526 1
2683 10527 1
2683 10528 1
2683 10529 1
2683 10530 1
2683 10531 1
2683 10533 1
2683 10534 1
2683 10535 1
2683 10536 1
2683 10537 1
2683 10538 1
2683 10539 1
2683 10540 1
2683 10541 1
2683 10542 1
2683 10544 1
2683 10545 1
2683 10546 1
2683 10547 1
2683 10548 1
2683 10549 1
2683 10550 1
2683 10551 1
2683 10552 1
2683 10553 1
2683 10554 1
2683 10555 1
2683 10556 1
2683 10557 1
2683 10558 1
2683 10559 1
2683 10560 1
2683 10561 1
2683 10562 1
2683 10563 1
2683 10564 1
2683 10566 1
2683 10567 1
2683 10568 1
2683 10569 1
2683 10570 1
2683 10571 1
2683 10572 1
2683 10573 1
2683 10574 1
2683 10575 1
2683 10576 1
2683 10578 1
2683 10579 1
2683 10580 1
2683 10581 1
2683 10582 1
2683 10583 1
2683 10584 1
2683 10585 1
2683 10586 1
2683 10587 1
2683 10588 1
2683 10589 1
2683 10590 1
2683 10591 1
2683 10592 1
2683 10593 1
2683 10594 1
2683 10596 1
2683 10597 1
2683 10598 1
2683 10599 1
2683 10600 1
2683 10601 1
2683 10602 1
2683 10603 1
2683 10604 3
2683 10605 2
2683 10606 2
2683 10607 2
2683 10608 2
2683 10609 2
2683 10610 2
2683 10611 2
2683 10612 2
2683 10613 2
2683 10614 2
2683 10615 2
2683 10616 3
2683 10617 3
2683 10618 2
2683 10619 2
2683 10620 2
2683 10621 2
2683 10622 2
2683 10623 2
2683 10624 2
2683 10625 2
2683 10626 2
2683 10627 2
2683 10628 2
2683 10629 2
2683 10630 2
2683 10631 2
2683 10632 2
2683 10633 2
2683 10634 2
2683 10635 2
2683 10636 2
2683 10637 2
2683 10638 2
2683 10639 2
2683 10640 2
2683 10641 2
2683 10642 2
2683 10643 2
2683 10644 2
2683 10645 2
2683 10646 2
2683 10647 2
2683 10648 2
2683 10649 2
2683 10650 2
2683 10651 2
2683 10652 2
2683 10653 2
2683 10654 2
2683 10655 1
2683 10656 1
2683 10657 1
2683 10658 1
2683 10659 1
2683 10660 1
2683 10661 1
2683 10662 1
2683 10663 2
2683 10664 1
2683 10665 1
2683 10666 1
2683 10667 1
2683 10668 1
2683 10669 1
2683 10670 1
2683 10671 1
2683 10672 1
2683 10673 1
2683 10674 1
2683 10675 1
2683 10676 1
2683 10677 1
2683 10678 1
2683 10679 2
2683 10680 1
2683 10681 1
2683 10682 1
2683 10683 1
2683 10684 1
2683 10685 1
2683 10686 1
2683 10687 1
2683 10688 1
2683 10689 1
2683 10690 2
2683 10691 1
2683 10692 1
2683 10693 1
2683 10694 1
2683 10695 1
2683 10696 1
2683 10698 1
2683 10699 2
2683 10700 1
2683 10701 1
2683 10702 1
2683 10703 1
2683 10704 1
2683 10705 1
2683 10706 1
2683 10707 2
2683 10708 1
2683 10709 3
2683 10710 1
2683 10711 1
2683 10712 1
2683 10713 1
2683 10714 1
2683 10715 1
2683 10716 1
2683 10717 1
2683 10718 1
2683 10719 1
2683 10720 1
2683 10721 2
2683 10722 1
2683 10723 1
2683 10724 1
2683 10725 1
2683 10726 1
2683 10727 4
2683 10728 1
2683 10729 2
2683 10730 1
2683 10731 1
2683 10732 1
2683 10733 1
2683 10734 1
2683 10735 1
2683 10736 1
2683 10737 2
2683 10738 1
2683 10739 1
2683 10740 1
2683 10741 1
2683 10742 1
2683 10743 1
2683 10744 1
2683 10745 1
2683 10746 2
2683 10747 1
2683 10748 1
2683 10749 1
2683 10750 1
2683 10751 1
2683 10752 1
2683 10753 1
2683 10754 1
2683 10755 1
2683 10756 1
2683 10757 1
2683 10758 1
2683 10759 1
2683 10760 1
2683 10761 1
2683 10762 1
2683 10763 1
2683 10764 1
2683 10766 1
2683 10767 1
2683 10768 1
2683 10769 1
2683 10770 1
2683 10771 1
2683 10772 2
2683 10773 1
2683 10774 1
2683 10775 1
2683 10776 1
2683 10777 2
2683 10778 1
2683 10779 1
2683 10780 1
2683 10781 1
2683 10782 1
2683 10783 1
2683 10784 1
2683 10785 1
2683 10786 1
2683 10787 1
2683 10788 1
2683 10789 1
2683 10790 1
2683 10791 1
2683 10792 1
2683 10793 1
2683 10794 1
2683 10795 1
2683 10796 1
2683 10797 2
2683 10798 1
2683 10799 1
2683 10800 1
2683 10801 1
2683 10802 1
2683 10803 1
2683 10804 1
2683 10819 1
2683 10835 1
2683 10852 1
2683 10875 1
2683 10982 1
2683 11007 1
2683 11029 1
2683 11030 1
2683 11035 1
2683 11092 2
2683 11093 1
2683 11094 1
2683 11095 2
2683 11096 1
2683 11097 1
2683 11098 1
2683 11099 1
2683 11100 1
2683 11101 1
2683 11102 1
2683 11103 1
2683 11104 1
2683 11105 1
2683 11106 1
2683 11107 1
2683 11108 1
2683 11109 1
2683 11110 1
2683 11111 1
2683 11112 1
2683 11113 1
2683 11114 1
2683 11115 1
2683 11116 1
2683 11117 1
2683 11118 1
2683 11119 1
2683 11120 1
2683 11121 1
2683 11122 1
2683 11123 1
2683 11124 1
2683 11125 1
2683 11126 1
2683 11127 1
2683 11128 1
2683 11129 1
2683 11130 1
2683 11131 2
2683 11132 1
2683 11133 1
2683 11134 1
2683 11135 1
2683 11136 1
2683 11137 1
2683 11138 1
2683 11139 1
2683 11140 1
2683 11141 1
2683 11142 2
2683 11143 1
2683 11144 1
2683 11145 2
2683 11146 1
2683 11147 2
2683 11148 1
2683 11149 1
2683 11150 1
2683 11151 1
2683 11152 1
2683 11153 1
2683 11154 1
2683 11155 1
2683 11156 1
2683 11157 1
2683 11158 1
2683 11159 1
2683 11160 1
2683 11161 1
2683 11162 1
2683 11163 1
2683 11164 2
2683 11165 1
2683 11166 1
2683 11167 3
2683 11168 1
2683 11169 1
2683 11170 1
2683 11171 1
2683 11172 2
2683 11173 1
2683 11174 1
2683 11175 1
2683 11176 1
2683 11177 1
2683 11178 1
2683 11179 1
2683 11180 1
2683 11181 1
2683 11182 1
2683 11183 1
2683 11184 1
2683 11185 1
2683 11186 1
2683 11187 1
2683 11188 1
2683 11189 1
2683 11190 1
2683 11191 1
2683 11192 1
2683 11193 1
2683 11194 1
2683 11195 1
2683 11196 1
2683 11197 1
2683 11198 1
2683 11199 1
2683 11200 1
2683 11201 1
2683 11202 1
2683 11203 1
2683 11204 1
2683 11205 2
2683 11206 1
2683 11207 1
2683 11208 1
2683 11209 1
2683 11210 1
2683 11211 1
2683 11254 2
2683 11255 1
2683 11256 1
2683 11257 1
2683 11258 1
2683 11259 1
2683 11260 1
2683 11261 1
2683 11262 1
2683 11263 1
2683 11264 1
2683 11265 1
2683 11266 1
2683 11267 1
2683 11268 2
2683 11269 1
2683 11270 1
2683 11271 1
2683 11272 1
2683 11273 1
2683 11274 1
2683 11275 1
2683 11276 1
2683 11277 1
2683 11278 2
2683 11279 1
2683 11280 4
2683 11281 1
2683 11282 1
2683 11283 1
2683 11284 3
2683 11285 1
2683 11286 1
2683 11287 1
2683 11288 1
2683 11289 1
2683 11290 1
2683 11291 1
2683 11292 1
2683 11293 1
2683 11294 1
2683 11295 1
2683 11296 1
2683 11297 1
2683 11298 2
2683 11299 1
2683 11300 1
2683 11301 1
2683 11302 1
2683 11303 1
2683 11304 1
2683 11305 1
2683 11306 1
2683 11307 1
2683 11308 1
2683 11309 1
2683 11310 2
2683 11311 1
2683 11312 1
2683 11313 1
2683 11314 1
2683 11315 1
2683 11316 1
2683 11317 1
2683 11318 1
2683 11319 1
2683 11320 1
2683 11321 1
2683 11322 1
2683 11323 1
2683 11327 1
2683 11375 2
2683 11405 1
2683 11406 1
2683 11407 1
2683 11408 1
2683 11409 1
2683 11410 1
2683 11411 1
2683 11412 1
2683 11413 1
2683 11414 1
2683 11415 3
2683 11416 1
2683 11417 1
2683 11418 1
2683 11419 1
2683 11420 1
2683 11421 1
2683 11422 1
2683 11423 1
2683 11424 1
2683 11425 1
2683 11426 1
2683 11427 5
2683 11430 2
2683 11431 2
2683 11432 1
2683 11433 1
2683 11434 1
2683 11435 2
2683 11436 1
2683 11437 1
2683 11438 1
2683 11439 1
2683 11440 1
2683 11441 1
2683 11442 1
2683 11443 1
2683 11444 1
2683 11445 1
2683 11446 1
2683 11447 1
2683 11448 1
2683 11449 1
2683 11450 2
2683 11451 1
2683 11452 2
2683 11453 1
2683 11454 1
2683 11455 1
2683 11456 1
2683 11457 1
2683 11458 1
2683 11459 1
2683 11460 1
2683 11461 1
2683 11462 1
2683 11463 1
2683 11465 1
2683 11466 2
2683 11467 1
2683 11468 1
2683 11469 1
2683 11470 1
2683 11471 1
2683 11472 1
2683 11473 1
2683 11474 1
2683 11475 1
2683 11476 2
2683 11477 1
2683 11478 1
2683 11479 1
2683 11480 1
2683 11481 1
2683 11482 1
2683 11483 1
2683 11484 1
2683 11485 1
2683 11486 1
2683 11487 1
2683 11488 1
2683 11489 1
2683 11490 1
2683 11491 1
2683 11492 1
2683 11493 1
2683 11494 1
2683 11495 1
2683 11496 1
2683 11497 1
2683 11498 1
2683 11499 1
2683 11500 1
2683 11501 1
2683 11502 1
2683 11503 1
2683 11504 1
2683 11505 1
2683 11506 1
2683 11507 2
2683 11508 1
2683 11509 1
2683 11510 1
2683 11511 1
2683 11512 1
2683 11513 1
2683 11514 1
2683 11515 1
2683 11516 1
2683 11517 1
2683 11518 1
2683 11519 1
2683 11520 1
2683 11521 1
2683 11522 1
2683 11523 1
2683 11524 1
2683 11525 1
2683 11600 1
2683 11617 1
2683 11618 1
2683 11619 1
2683 11620 1
2683 11621 1
2683 11622 1
2683 11623 1
2683 11624 1
2683 11625 1
2683 11626 2
2683 11627 1
2683 11628 1
2683 11630 1
2683 11631 1
2683 11632 1
2683 11633 1
2683 11634 1
2683 11635 1
2683 11636 1
2683 11637 1
2683 11638 1
2683 11639 1
2683 11640 1
2683 11641 1
2683 11642 1
2683 11643 1
2683 11644 1
2683 11645 1
2683 11646 1
2683 11647 1
2683 11648 1
2683 11649 1
2683 11650 1
2683 11651 1
2683 11652 1
2683 11653 1
2683 11654 2
2683 11655 1
2683 11656 2
2683 11657 1
2683 11660 1
2683 11661 1
2683 11662 1
2683 11663 1
2683 11664 1
2683 11665 1
2683 11666 1
2683 11667 1
2683 11668 1
2683 11669 1
2683 11670 1
2683 11671 1
2683 11672 1
2683 11673 1
2683 11674 1
2683 11677 1
2683 11678 1
2683 11679 1
2683 11680 1
2683 11681 1
2683 11682 1
2683 11683 2
2683 11684 1
2683 11685 1
2683 11686 1
2683 11687 1
2683 11688 1
2683 11689 1
2683 11691 1
2683 11692 1
2683 11693 1
2683 11694 1
2683 11695 1
2683 11696 2
2683 11698 1
2683 11699 1
2683 11700 1
2683 11702 1
2683 11703 1
2683 11704 1
2683 11705 1
2683 11706 1
2683 11707 1
2683 11708 1
2683 11709 1
2683 11710 1
2683 11711 1
2683 11712 1
2683 11713 1
2683 11714 1
2683 11715 1
2683 11716 1
2683 11717 1
2683 11718 1
2683 11719 1
2683 11720 1
2683 11721 1
2683 11722 1
2683 11729 1
2683 11730 1
2683 11731 1
2683 11733 1
2683 11734 1
2683 11735 2
2683 11751 1
2683 11752 1
2683 11753 1
2683 11754 1
2683 11755 1
2683 11756 1
2683 11757 1
2683 11758 1
2683 11772 1
2683 11773 1
2683 11774 1
2683 11775 1
2683 11776 1
2683 11785 1
2683 11786 1
2683 11787 1
2683 11788 1
2683 11789 1
2683 11790 2
2683 11791 1
2683 11792 1
2683 11793 1
2683 11797 1
2683 11798 1
2683 11799 1
2683 11800 1
2683 11801 1
2683 11810 1
2683 11811 1
2683 11812 1
2683 11814 1
2683 11815 1
2683 11816 1
2683 11817 1
2683 11818 1
2683 11821 1
2683 11822 1
2683 11824 1
2683 11825 1
2683 11829 1
2683 11832 1
2683 11833 1
2683 11890 1
2683 11891 1
2683 11892 1
2683 12009 1
2683 12016 1
2683 12240 1
2683 12290 1
2683 12291 1
2683 12296 1
2683 12297 1
2683 12309 1
2683 12310 1
2683 12333 1
2683 12334 1
2683 12372 1
2683 12373 1
2683 12377 1
2683 12378 1
2683 12385 1
2683 12386 1
2683 12435 1
2683 12436 1
2683 12456 1
2683 12457 2
2683 12487 1
2683 12488 1
2683 12518 1
2683 12519 1
2683 12530 1
2683 12531 1
2683 12555 1
2683 12556 1
2683 12560 1
2683 12561 1
2683 12574 1
2683 12575 1
2683 12607 1
2683 12608 1
2683 12630 1
2683 12631 1
2683 12660 1
2683 12685 2
2683 12686 1
2683 12722 1
2683 12723 1
2683 12750 1
2683 12752 1
2683 12773 1
2683 12775 1
2683 12816 1
2683 12817 1
2683 12878 1
2683 12922 1
2683 12990 1
2683 12991 1
2683 12998 1
2683 13038 1
2683 13310 1
2683 13412 2
2683 13413 1
2683 13414 1
2683 13451 1
2683 13455 1
2683 13459 2
2683 13534 2
2683 13535 1
2683 13537 1
2683 13607 1
2683 13609 1
2683 13612 1
2683 13661 2
2683 13664 1
2683 13665 2
2683 13718 1
2683 13719 1
2683 13720 1
2683 13785 1
2683 13786 1
2683 13788 1
2683 13831 1
2683 13833 1
2683 13835 2
2683 13877 3
2683 13878 1
2683 13922 1
2683 13923 1
2683 13924 1
2683 13950 1
2683 13951 1
2683 13952 1
2683 14019 4
2683 14020 1
2683 14021 1
2683 14055 1
2683 14056 1
2683 14077 1
2683 14078 1
2683 14079 1
2683 14083 1
2683 14085 1
2683 14109 1
2683 14110 1
2683 14111 1
2683 14145 1
2683 14146 1
2683 14147 1
2683 14175 1
2683 14193 1
2683 14194 1
2683 14195 1
2683 14196 1
2683 14197 1
2683 14198 1
2683 14199 1
2683 14200 1
2683 14201 2
2683 14202 1
2683 14203 1
2683 14204 1
2683 14205 1
2683 14206 1
2683 14207 1
2683 14208 1
2683 14224 2
2683 14225 2
2683 14226 3
2683 14269 2
2683 14270 2
2683 14271 2
2683 14321 2
2683 14322 1
2683 14357 1
2683 14358 1
2683 14388 1
2683 14389 1
2683 14483 2
2683 14484 1
2683 14485 1
2683 14570 3
2683 14571 2
2683 14574 2
2683 14613 1
2683 14615 1
2683 14616 1
2683 14617 1
2683 14618 1
2683 14619 1
2683 14621 2
2683 14622 1
2683 14623 1
2683 14624 1
2683 14625 1
2683 14626 2
2683 14627 1
2683 14628 1
2683 14629 1
2683 14630 1
2683 14632 1
2683 14639 1
2683 18658 1
2683 18691 1
2683 18740 1
2683 18750 1
2683 18753 1
2683 18754 1
2683 18755 1
2683 18756 1
2683 18757 1
2683 18758 1
2683 18759 1
2683 18760 1
2683 18761 1
2683 18762 1
2683 18763 1
2683 18764 1
2683 18765 1
2683 18766 1
2683 18767 1
2683 18768 1
2683 18770 1
2683 18771 2
2683 18785 1
2683 18788 1
2683 18797 3
2683 18837 1
2683 18838 1
2683 18839 1
2683 18840 1
2683 18841 1
2683 18842 1
2683 18843 1
2683 18845 1
2683 18846 1
2683 18847 1
2683 18848 1
2683 18850 1
2683 18851 1
2683 18852 1
2683 18853 1
2683 18854 1
2683 18855 1
2683 18856 1
2683 18857 1
2683 18858 1
2683 18859 2
2683 18860 3
2683 18861 2
2683 18862 1
2683 18863 1
2683 18864 1
2683 18865 1
2683 18866 1
2683 18867 1
2683 18868 1
2683 18869 1
2683 18870 1
2683 18871 2
2683 18872 1
2683 18873 1
2683 18874 1
2683 18875 1
2683 18876 1
2683 18877 1
2683 18878 1
2683 18879 1
2683 18880 1
2683 18881 1
2683 18882 1
2683 18883 1
2683 18884 1
2683 18908 1
2683 18909 1
2683 18910 1
2683 18914 2
2683 18915 2
2683 19244 1
2683 19246 1
2683 19402 1
2683 19675 2
2683 19703 1
2683 19798 1
2683 19904 1
2683 19937 1
2683 19939 1
2683 19941 1
2683 19942 1
2683 19974 1
2683 19975 1
2683 19976 1
2683 19987 2
2683 19992 1
2683 19997 1
2683 19998 1
2683 19999 2
2683 20032 1
2683 20034 1
2683 20039 1
2683 20055 1
2683 20063 1
2683 20071 1
2683 20112 1
2683 20113 1
2683 20115 1
2683 20132 2
2683 20139 1
2683 20151 1
2683 20153 1
2683 20156 1
2683 20169 1
2683 20189 1
2683 20190 1
2683 20191 1
2683 20192 1
2683 20194 1
2683 20197 1
2683 20198 1
2683 20199 1
2683 20200 1
2683 20201 1
2683 20202 1
2683 20203 1
2683 20204 1
2683 20205 1
2683 20206 1
2683 20207 1
2683 20208 1
2683 20209 1
2683 20210 1
2683 20211 1
2683 20212 1
2683 20213 1
2683 20214 1
2683 20215 1
2683 20216 1
2683 20217 1
2683 20218 1
2683 20219 1
2683 20220 1
2683 20221 1
2683 20222 1
2683 20223 1
2683 20224 2
2683 20225 1
2683 20226 1
2683 20227 1
2683 20228 1
2683 20229 1
2683 20230 1
2683 20231 1
2683 20232 1
2683 20233 1
2683 20234 1
2683 20235 1
2683 20236 1
2683 20237 1
2683 20238 1
2683 20239 1
2683 20240 1
2683 20241 1
2683 20242 1
2683 20244 1
2683 20245 1
2683 20246 1
2683 20247 1
2683 20248 3
2683 20249 1
2683 20250 1
2683 20251 1
2683 20252 1
2683 20253 1
2683 20254 1
2683 20255 1
2683 20256 1
2683 20257 1
2683 20258 1
2683 20259 1
2683 20260 1
2683 20261 1
2683 20262 1
2683 20263 1
2683 20264 1
2683 20265 1
2683 20266 1
2683 20267 1
2683 20268 1
2683 20269 1
2683 20270 1
2683 20271 1
2683 20272 1
2683 20273 1
2683 20292 1
2683 20294 1
2683 20297 1
2683 20299 1
2683 20372 1
2683 20373 1
2683 20374 1
2683 20375 1
2683 20376 1
2683 20377 2
2683 20379 1
2683 20388 1
2683 20389 1
2683 20390 1
2683 20391 1
2683 20392 1
2683 20394 1
2683 20395 1
2683 20396 1
2683 20397 1
2683 20398 1
2683 20399 1
2683 20400 1
2683 20401 1
2683 20402 1
2683 20404 1
2683 20405 1
2683 20406 1
2683 20407 1
2683 20408 1
2683 20409 1
2683 20410 1
2683 20411 1
2683 20412 4
2683 20413 1
2683 20414 1
2683 20415 1
2683 20416 1
2683 20417 1
2683 20418 1
2683 20419 1
2683 20420 2
2683 20421 1
2683 20422 1
2683 20423 1
2683 20424 1
2683 20425 1
2683 20427 1
2683 20428 1
2683 20429 1
2683 20430 1
2683 20431 1
2683 20432 1
2683 20433 1
2683 20434 1
2683 20435 1
2683 20438 1
2683 20439 1
2683 20440 1
2683 20441 1
2683 20442 1
2683 20443 1
2683 20444 1
2683 20445 1
2683 20446 1
2683 20447 1
2683 20448 1
2683 20449 2
2683 20450 1
2683 20451 1
2683 20452 1
2683 20453 1
2683 20454 1
2683 20455 1
2683 20456 1
2683 20457 1
2683 20458 1
2683 20459 1
2683 20460 1
2683 20461 2
2683 20462 1
2683 20463 2
2683 20464 1
2683 20465 2
2683 20466 2
2683 20467 1
2683 20468 1
2683 20469 2
2683 20470 1
2683 20471 1
2683 20472 1
2683 20473 1
2683 20474 1
2683 20475 1
2683 20476 1
2683 20477 1
2683 20478 1
2683 20479 1
2683 20480 1
2683 20481 1
2683 20482 1
2683 20484 1
2683 20485 1
2683 20486 1
2683 20487 1
2683 20488 1
2683 20489 1
2683 20490 1
2683 20491 1
2683 20492 1
2683 20493 1
2683 20494 1
2683 20495 1
2683 20496 1
2683 20497 1
2683 20498 1
2683 20499 1
2683 20500 1
2683 20501 1
2683 20502 1
2683 20503 1
2683 20504 1
2683 20505 1
2683 20506 1
2683 20507 1
2683 20508 1
2683 20509 1
2683 20510 1
2683 20511 1
2683 20512 1
2683 20513 2
2683 20514 1
2683 20515 1
2683 20516 1
2683 20517 1
2683 20518 1
2683 20519 1
2683 20520 1
2683 20521 1
2683 20522 1
2683 20523 1
2683 20616 1
2683 20637 1
2683 20646 1
2683 20647 1
2683 20648 1
2683 20649 1
2683 20650 1
2683 20651 1
2683 20652 1
2683 20653 1
2683 20654 1
2683 20655 1
2683 20656 1
2683 20657 1
2683 20658 1
2683 20659 1
2683 20660 1
2683 20661 2
2683 20662 1
2683 20663 2
2683 20664 1
2683 20666 1
2683 20667 1
2683 20668 1
2683 20726 1
2683 20738 1
2683 20740 1
2683 20742 2
2683 20745 1
2683 20749 1
2683 20782 1
2683 20793 1
2683 20803 1
2683 20805 1
2683 20807 1
2683 20828 1
2683 20830 1
2683 20845 1
2683 20846 1
2683 20857 1
2683 20868 1
2683 20869 1
2683 20870 1
2683 20872 1
2683 20878 2
2683 20884 1
2683 20888 1
2683 20889 1
2683 20895 1
2683 20899 2
2683 20925 1
2683 20931 1
2683 20933 1
2683 20935 1
2683 20968 2
2683 21032 1
2683 21033 1
2683 21034 1
2683 21091 1
2683 21092 1
2683 21093 2
2683 21167 2
2683 21168 1
2683 21172 1
2683 21173 1
2683 21174 1
2683 21177 1
2683 21199 1
2683 21207 1
2683 21208 1
2683 21209 1
2683 21214 1
2683 21215 1
2683 21216 1
2683 21218 1
2683 21219 1
2683 21220 1
2683 21222 1
2683 21223 1
2683 21228 1
2683 21261 1
2683 21262 1
2683 21263 1
2683 21265 1
2683 21266 1
2683 21267 1
2683 21268 1
2683 21269 1
2683 21270 1
2683 21271 1
2683 21272 1
2683 21273 1
2683 21274 1
2683 21299 1
2683 21317 1
2683 21348 1
2683 21350 1
2683 21372 1
2683 21525 1
2683 21535 1
2683 21536 1
2683 21538 1
2683 21646 1
2683 21647 1
2683 21648 1
2683 21704 1
2683 21705 1
2683 21706 1
2683 21707 1
2683 21720 1
2683 21782 1
2683 21783 1
2683 21784 1
2683 21804 1
2683 21831 1
2683 21833 1
2683 22102 1
2683 22229 2
2683 22231 3
2683 22232 1
2683 22237 1
2683 22351 1
2683 22597 1
2683 23069 1
2683 23082 1
2683 23139 1
2683 23147 1
2683 23269 1
2683 23442 5
2683 23518 1
2683 23619 1
2683 23711 1
2683 23719 1
2683 23871 1
2683 23897 3
2683 23973 1
2683 24125 1
2683 24131 1
2683 24132 1
2683 24133 1
2683 24134 1
2683 24135 1
2683 24136 1
2683 24137 1
2683 24138 1
2683 24139 2
2683 24140 2
2683 24141 3
2683 24142 3
2683 24143 1
2683 24144 2
2683 24145 2
2683 24146 2
2683 24147 1
2683 24148 1
2683 24149 1
2683 24150 2
2683 24151 2
2683 24217 1
2683 24226 1
2683 24321 1
2683 24322 1
2683 24359 1
2683 24392 3
2683 24409 1
2683 24412 2
2683 24413 2
2683 24474 1
2683 24498 2
2683 24499 1
2683 24567 1
2683 24568 1
2683 24629 1
2683 24630 1
2683 24737 1
2683 24817 1
2683 24823 1
2683 25017 1
2683 25106 1
2683 25121 1
2683 25157 3
2683 25221 1
2683 25244 2
2683 25257 2
2683 25258 2
2683 25313 2
2683 25404 1
2683 25405 1
2683 25426 1
2683 25427 2
2683 25454 2
2683 25455 2
2683 25491 3
2683 25493 3
2683 25601 2
2683 25666 2
2683 25668 1
2683 25747 2
2683 25832 1
2683 25853 1
2683 25860 1
2683 25887 2
2683 25889 2
2683 25929 1
2683 25977 1
2683 25985 2
2683 25999 3
2683 26000 3
2683 26092 2
2683 26093 2
2683 26161 2
2683 26162 2
2683 26163 2
2683 26209 3
2683 26210 2
2683 26247 3
2683 26248 2
2683 26249 2
2683 26338 1
2683 26339 1
2683 26375 1
2683 26391 1
2683 26392 1
2683 26398 1
2683 26400 1
2683 26477 1
2683 26491 1
2683 26531 2
2683 26532 1
2683 26661 2
2683 26667 1
2683 26670 1
2683 26890 1
2683 27429 1
2683 27561 1
2683 27648 1
2683 28401 1
2683 28618 1
2683 29023 1
2683 29066 1
2683 29125 1
2683 30176 1
2683 30476 2
2683 30648 1
2683 31065 1
2683 31197 1
2683 31399 1
2683 31407 1
2683 31418 3
2683 31771 1
2683 31772 2
2683 31774 1
2683 31832 2
2683 31833 1
2683 31835 1
2683 31860 1
2683 31865 3
2683 31866 2
2683 31912 1
2683 31926 1
2683 31927 1
2683 31928 1
2683 31929 1
2683 31983 1
2683 32183 2
2683 32264 1
2683 32265 1
2683 32266 1
2683 32277 1
2683 32279 1
2683 32320 1
2683 32322 1
2683 32324 2
2683 32382 1
2683 32383 1
2683 32438 2
2683 32439 1
2683 32440 1
2683 32729 2
2683 32731 1
2683 32827 1
2683 33117 1
2683 33118 1
2683 33119 1
2683 33164 1
2683 33222 1
2683 33805 1
2683 33806 2
2683 34221 1
2683 34222 1
2683 34320 2
2683 34400 1
2683 34409 1
2683 34742 1
2683 35601 2
2683 37603 1
2683 38311 1
2683 39159 1
2683 39179 1